87.86666666666666
9.266666666666667
9.3
31.866666666666667
44.93333333333333
8.933333333333334
9.533333333333333
33.56666666666667
9.266666666666667
92.23333333333333
67.5
9.7
10.733333333333333
30.633333333333333
9.933333333333334
137.36666666666667
94.06666666666666
41.2
23.8
52.766666666666666
9.2
122.36666666666666
86.63333333333334
9.4
144.6
9.433333333333334
9.366666666666667
9.433333333333334
169.33333333333334
40.13333333333333
91.6
9.366666666666667
9.3
9.333333333333334
9.3
9.366666666666667
9.266666666666667
9.433333333333334
9.266666666666667
9.3
9.233333333333333
10.933333333333334
9.166666666666666
9.633333333333333
9.233333333333333
9.366666666666667
9.366666666666667
9.366666666666667
9.4
9.133333333333333
9.333333333333334
9.4
9.633333333333333
9.166666666666666
9.066666666666666
8.966666666666667
9.066666666666666
9.1
9.5
9.233333333333333
9.266666666666667
9.533333333333333
9.2
9.1
9.466666666666667
9.133333333333333
9.3
9.433333333333334
9.233333333333333
9.066666666666666
9.233333333333333
9.1
9.466666666666667
9.4
9.233333333333333
9.166666666666666
9.266666666666667
9.266666666666667
9.6
9.266666666666667
9.5
9.433333333333334
9.333333333333334
9.6
9.366666666666667
9.266666666666667
9.466666666666667
9.4
9.133333333333333
9.466666666666667
9.5
9.366666666666667
9.233333333333333
9.3
9.366666666666667
9.5
9.166666666666666
9.466666666666667
9.466666666666667
9.166666666666666
9.3
9.266666666666667
9.5
9.4
9.2
9.166666666666666
9.466666666666667
9.2
9.5
9.366666666666667
9.266666666666667
9.5
9.366666666666667
9.5
9.566666666666666
9.333333333333334
9.433333333333334
9.466666666666667
9.3
9.566666666666666
9.366666666666667
9.4
9.466666666666667
9.3
9.7
9.533333333333333
9.4
9.266666666666667
9.2
9.133333333333333
9.433333333333334
9.6
9.433333333333334
9.366666666666667
9.166666666666666
9.3
9.433333333333334
9.466666666666667
9.2
9.2
9.333333333333334
9.366666666666667
9.266666666666667
9.2
9.4
9.166666666666666
9.4
9.2
9.3
9.366666666666667
9.233333333333333
9.5
9.166666666666666
9.4
9.2
9.533333333333333
9.233333333333333
9.666666666666666
9.666666666666666
9.433333333333334
9.266666666666667
9.2
9.133333333333333
9.266666666666667
9.433333333333334
9.166666666666666
9.166666666666666
9.3
9.3
9.366666666666667
9.4
9.166666666666666
9.566666666666666
9.2
9.366666666666667
9.733333333333333
9.4
9.333333333333334
9.333333333333334
9.366666666666667
9.4
9.333333333333334
9.3
9.433333333333334
9.3
9.2
9.266666666666667
9.466666666666667
9.266666666666667
9.333333333333334
9.366666666666667
9.466666666666667
9.366666666666667
9.366666666666667
9.266666666666667
9.5
9.533333333333333
9.533333333333333
9.133333333333333
9.2
9.333333333333334
9.6
12.4
9.566666666666666
9.433333333333334
9.533333333333333
9.466666666666667
9.3
9.2
9.466666666666667
9.233333333333333
9.366666666666667
9.266666666666667
9.6
9.5
9.8
9.3
9.4
9.133333333333333
9.266666666666667
9.333333333333334
9.433333333333334
9.6
11.1
10.666666666666666
9.6
10.1
9.466666666666667
9.633333333333333
9.533333333333333
9.366666666666667
9.2
9.4
9.366666666666667
9.433333333333334
9.633333333333333
9.3
9.533333333333333
9.333333333333334
9.566666666666666
9.3
9.633333333333333
9.266666666666667
9.433333333333334
9.333333333333334
9.366666666666667
9.133333333333333
9.5
9.266666666666667
9.7
9.466666666666667
9.533333333333333
9.4
9.333333333333334
9.533333333333333
9.1
9.333333333333334
9.9
9.5
9.466666666666667
9.266666666666667
9.433333333333334
9.433333333333334
9.133333333333333
9.433333333333334
9.166666666666666
9.4
9.533333333333333
9.4
9.433333333333334
9.2
9.5
9.2
9.066666666666666
9.4
9.333333333333334
9.466666666666667
9.333333333333334
9.3
9.133333333333333
9.566666666666666
10.066666666666666
9.5
9.566666666666666
9.133333333333333
9.366666666666667
9.233333333333333
9.133333333333333
10.166666666666666
9.466666666666667
9.4
9.433333333333334
9.2
9.366666666666667
9.133333333333333
9.333333333333334
9.366666666666667
9.5
9.933333333333334
9.333333333333334
9.266666666666667
9.4
9.566666666666666
9.366666666666667
9.366666666666667
9.533333333333333
9.4
8.933333333333334
9.166666666666666
9.366666666666667
9.433333333333334
9.3
9.333333333333334
15.5
9.466666666666667
9.366666666666667
9.533333333333333
9.3
9.066666666666666
9.133333333333333
9.333333333333334
9.566666666666666
9.5
9.1
9.3
9.266666666666667
9.233333333333333
9.566666666666666
9.5
9.233333333333333
9.6
9.366666666666667
9.4
9.366666666666667
9.666666666666666
9.566666666666666
9.433333333333334
9.3
9.566666666666666
9.933333333333334
9.5
9.266666666666667
9.333333333333334
9.166666666666666
9.6
9.3
9.5
9.4
9.333333333333334
9.633333333333333
9.266666666666667
9.366666666666667
9.5
9.433333333333334
9.133333333333333
9.333333333333334
9.466666666666667
9.366666666666667
9.2
8.966666666666667
9.433333333333334
9.066666666666666
9.366666666666667
9.3
9.6
9.233333333333333
9.5
9.4
9.566666666666666
9.366666666666667
9.133333333333333
9.233333333333333
9.4
9.166666666666666
9.5
10.366666666666667
9.133333333333333
9.566666666666666
9.5
9.1
9.2
9.4
9.333333333333334
9.333333333333334
9.333333333333334
9.3
9.4
9.766666666666667
9.566666666666666
10.0
9.733333333333333
9.5
9.333333333333334
9.2
9.233333333333333
9.166666666666666
9.2
9.166666666666666
9.366666666666667
9.2
56.733333333333334
69.2
22.7
72.06666666666666
55.56666666666667
153.9
132.73333333333332
196.4
119.66666666666667
157.96666666666667
91.46666666666667
115.13333333333334
109.0
17.266666666666666
173.43333333333334
136.53333333333333
178.1
110.0
182.96666666666667
105.33333333333333
197.66666666666666
140.83333333333334
93.5
181.8
131.2
114.23333333333333
103.33333333333333
190.9
108.2
91.63333333333334
103.66666666666667
177.93333333333334
88.83333333333333
76.13333333333334
84.2
104.2
73.56666666666666
74.73333333333333
163.13333333333333
70.4
75.73333333333333
74.0
74.1
66.73333333333333
77.43333333333334
67.56666666666666
67.6
63.06666666666667
85.03333333333333
162.6
66.63333333333334
67.53333333333333
81.8
77.93333333333334
74.1
77.36666666666666
73.86666666666666
94.83333333333333
105.06666666666666
80.76666666666667
73.86666666666666
69.86666666666666
83.36666666666666
77.0
76.26666666666667
72.1
80.33333333333333
72.3
77.1
89.53333333333333
79.06666666666666
74.0
79.8
72.56666666666666
83.4
63.56666666666667
65.46666666666667
59.7
58.166666666666664
98.06666666666666
93.9
93.76666666666667
90.23333333333333
66.16666666666667
61.56666666666667
56.2
91.33333333333333
59.53333333333333
74.06666666666666
110.4
82.4
110.16666666666667
105.16666666666667
73.8
92.73333333333333
83.36666666666666
92.4
77.03333333333333
91.93333333333334
88.23333333333333
96.83333333333333
99.06666666666666
94.63333333333334
110.16666666666667
97.0
93.16666666666667
119.96666666666667
113.36666666666666
136.26666666666668
137.0
150.2
131.26666666666668
138.93333333333334
146.0
144.93333333333334
187.13333333333333
82.86666666666666
74.23333333333333
72.9
80.26666666666667
72.96666666666667
64.13333333333334
72.63333333333334
74.13333333333334
75.86666666666666
81.36666666666666
99.0
90.9
92.06666666666666
112.93333333333334
120.33333333333333
92.73333333333333
78.4
80.2
93.23333333333333
99.1
82.4
82.4
80.56666666666666
72.86666666666666
80.03333333333333
77.93333333333334
83.66666666666667
81.96666666666667
77.43333333333334
73.86666666666666
85.36666666666666
82.7
68.23333333333333
90.26666666666667
72.1
65.56666666666666
80.6
96.6
78.5
69.96666666666667
92.86666666666666
115.3
82.6
81.9
95.33333333333333
70.2
76.76666666666667
66.23333333333333
80.9
87.06666666666666
75.86666666666666
85.06666666666666
73.3
106.0
93.7
98.06666666666666
174.36666666666667
118.9
129.6
133.83333333333334
124.03333333333333
130.53333333333333
78.4
110.56666666666666
62.166666666666664
111.76666666666667
74.06666666666666
84.03333333333333
125.13333333333334
80.33333333333333
98.36666666666666
109.83333333333333
82.56666666666666
79.76666666666667
112.16666666666667
102.43333333333334
77.96666666666667
110.6
91.66666666666667
91.93333333333334
105.83333333333333
96.06666666666666
92.7
86.56666666666666
9.266666666666667
9.1
9.5
9.366666666666667
9.266666666666667
26.3
12.0
15.366666666666667
80.83333333333333
56.1
11.466666666666667
9.866666666666667
11.766666666666667
9.033333333333333
9.1
94.63333333333334
102.66666666666667
10.633333333333333
10.6
9.466666666666667
9.566666666666666
21.3
13.633333333333333
9.666666666666666
61.3
9.433333333333334
9.533333333333333
9.2
59.63333333333333
49.13333333333333
9.2
9.4
9.533333333333333
9.333333333333334
9.633333333333333
9.433333333333334
9.366666666666667
38.43333333333333
9.266666666666667
9.333333333333334
9.4
9.2
9.466666666666667
8.833333333333334
34.5
9.533333333333333
9.5
9.333333333333334
9.5
95.76666666666667
9.233333333333333
9.066666666666666
16.966666666666665
14.466666666666667
24.233333333333334
31.3
32.166666666666664
9.333333333333334
16.566666666666666
30.0
9.533333333333333
114.86666666666666
9.5
14.033333333333333
59.7
9.433333333333334
9.133333333333333
9.4
15.433333333333334
9.233333333333333
34.0
9.7
9.5
9.4
9.433333333333334
37.53333333333333
9.533333333333333
9.266666666666667
9.366666666666667
9.233333333333333
9.6
9.266666666666667
9.166666666666666
9.166666666666666
9.233333333333333
9.5
185.76666666666668
9.233333333333333
9.266666666666667
9.266666666666667
9.333333333333334
9.533333333333333
9.3
9.366666666666667
9.333333333333334
9.4
9.366666666666667
44.96666666666667
9.433333333333334
9.333333333333334
12.266666666666667
9.466666666666667
9.3
9.466666666666667
45.8
43.2
41.266666666666666
34.8
9.366666666666667
9.166666666666666
9.233333333333333
103.63333333333334
9.8
167.7
113.23333333333333
51.9
66.63333333333334
57.03333333333333
30.733333333333334
9.3
9.2
50.233333333333334
37.56666666666667
36.06666666666667
25.3
29.4
33.56666666666667
29.233333333333334
38.56666666666667
39.43333333333333
37.46666666666667
34.63333333333333
49.833333333333336
8.966666666666667
9.066666666666666
9.3
9.4
9.266666666666667
9.433333333333334
18.833333333333332
9.866666666666667
9.533333333333333
9.2
9.266666666666667
67.13333333333334
9.233333333333333
9.433333333333334
9.7
9.433333333333334
9.466666666666667
12.766666666666667
9.233333333333333
9.3
9.266666666666667
9.333333333333334
9.6
9.3
9.533333333333333
11.266666666666667
9.5
9.366666666666667
11.433333333333334
11.3
15.833333333333334
31.9
33.86666666666667
36.7
36.36666666666667
29.333333333333332
32.5
37.766666666666666
38.3
33.03333333333333
42.6
60.93333333333333
107.4
24.233333333333334
13.366666666666667
9.433333333333334
9.3
9.433333333333334
35.43333333333333
9.3
9.5
9.233333333333333
9.266666666666667
9.4
9.233333333333333
9.533333333333333
9.433333333333334
9.233333333333333
9.6
9.533333333333333
199.76666666666668
44.333333333333336
16.1
10.566666666666666
10.8
9.5
9.266666666666667
23.3
11.466666666666667
9.4
9.2
8.9
9.1
9.266666666666667
9.0
9.0
9.1
9.266666666666667
9.333333333333334
9.3
9.4
9.266666666666667
9.066666666666666
9.533333333333333
9.433333333333334
9.3
9.366666666666667
9.433333333333334
9.333333333333334
9.266666666666667
9.466666666666667
9.266666666666667
9.133333333333333
9.433333333333334
9.233333333333333
9.233333333333333
9.1
9.166666666666666
9.1
9.433333333333334
9.3
9.233333333333333
9.3
9.566666666666666
9.266666666666667
9.266666666666667
9.233333333333333
9.366666666666667
9.233333333333333
9.1
9.4
9.433333333333334
9.2
9.4
9.333333333333334
9.466666666666667
9.466666666666667
9.233333333333333
9.3
9.333333333333334
9.3
9.166666666666666
9.4
9.166666666666666
9.1
9.333333333333334
9.3
9.333333333333334
9.3
9.3
9.466666666666667
9.433333333333334
9.133333333333333
9.4
9.233333333333333
9.233333333333333
9.2
9.266666666666667
9.233333333333333
9.366666666666667
9.466666666666667
9.333333333333334
9.466666666666667
9.366666666666667
9.566666666666666
9.4
9.233333333333333
9.3
9.133333333333333
9.333333333333334
9.3
9.6
9.566666666666666
9.466666666666667
9.333333333333334
9.366666666666667
9.2
9.366666666666667
9.6
9.533333333333333
9.2
9.533333333333333
9.2
9.6
9.133333333333333
9.433333333333334
9.166666666666666
9.3
9.133333333333333
9.033333333333333
9.466666666666667
9.3
9.5
9.266666666666667
9.566666666666666
9.233333333333333
9.5
9.533333333333333
9.566666666666666
9.266666666666667
9.533333333333333
9.433333333333334
9.366666666666667
9.433333333333334
9.3
9.333333333333334
9.166666666666666
9.233333333333333
9.3
9.3
9.5
9.233333333333333
9.333333333333334
9.4
9.3
10.0
9.6
9.3
9.266666666666667
9.3
9.2
9.5
9.433333333333334
9.3
9.3
9.5
9.833333333333334
9.4
9.333333333333334
9.2
9.433333333333334
9.266666666666667
9.533333333333333
9.466666666666667
9.2
9.7
9.5
9.533333333333333
9.466666666666667
9.6
9.166666666666666
9.466666666666667
9.533333333333333
9.5
9.3
9.533333333333333
9.4
9.6
9.266666666666667
9.433333333333334
8.966666666666667
9.533333333333333
9.366666666666667
9.3
9.5
9.366666666666667
9.533333333333333
9.266666666666667
9.433333333333334
9.366666666666667
9.366666666666667
9.366666666666667
9.366666666666667
9.633333333333333
9.3
9.433333333333334
9.566666666666666
9.533333333333333
9.4
9.333333333333334
9.5
9.4
9.4
9.4
9.433333333333334
9.233333333333333
9.466666666666667
9.4
9.433333333333334
9.5
9.633333333333333
9.6
9.5
9.5
9.6
9.633333333333333
9.4
9.366666666666667
9.3
9.6
9.533333333333333
9.333333333333334
9.4
9.233333333333333
9.233333333333333
9.266666666666667
9.6
9.666666666666666
9.133333333333333
9.133333333333333
9.266666666666667
9.533333333333333
9.4
9.366666666666667
9.3
9.366666666666667
9.366666666666667
9.833333333333334
9.0
9.366666666666667
9.566666666666666
9.433333333333334
9.3
9.066666666666666
9.333333333333334
9.5
9.566666666666666
9.633333333333333
9.366666666666667
9.333333333333334
9.366666666666667
9.366666666666667
9.233333333333333
9.4
9.233333333333333
9.466666666666667
9.466666666666667
9.166666666666666
9.766666666666667
9.4
9.2
9.266666666666667
9.5
9.233333333333333
9.266666666666667
9.4
9.366666666666667
9.566666666666666
9.233333333333333
9.233333333333333
9.533333333333333
9.233333333333333
9.233333333333333
9.166666666666666
9.366666666666667
9.266666666666667
9.266666666666667
9.166666666666666
9.633333333333333
9.5
9.466666666666667
9.366666666666667
9.3
9.4
9.4
9.4
9.3
9.4
9.533333333333333
9.1
8.966666666666667
9.266666666666667
9.133333333333333
9.1
9.366666666666667
9.333333333333334
9.766666666666667
9.4
9.333333333333334
9.633333333333333
9.266666666666667
9.266666666666667
9.266666666666667
9.266666666666667
9.533333333333333
9.5
9.633333333333333
9.7
9.433333333333334
9.4
9.4
9.4
9.533333333333333
9.4
9.3
9.433333333333334
9.5
9.233333333333333
9.4
9.166666666666666
9.533333333333333
9.333333333333334
9.366666666666667
9.4
9.333333333333334
9.3
9.333333333333334
9.266666666666667
9.266666666666667
9.3
9.133333333333333
9.266666666666667
9.6
9.166666666666666
9.566666666666666
9.566666666666666
9.433333333333334
9.633333333333333
9.6
9.9
9.233333333333333
9.5
9.2
9.233333333333333
9.266666666666667
9.5
9.233333333333333
9.4
9.466666666666667
9.133333333333333
9.333333333333334
9.5
9.3
9.233333333333333
9.266666666666667
9.366666666666667
9.3
9.333333333333334
9.2
9.233333333333333
9.3
9.366666666666667
9.233333333333333
9.4
9.766666666666667
9.266666666666667
9.233333333333333
9.2
9.566666666666666
9.433333333333334
9.4
9.2
9.366666666666667
9.2
9.533333333333333
9.466666666666667
9.433333333333334
9.133333333333333
9.2
9.5
9.433333333333334
9.566666666666666
9.3
9.366666666666667
9.3
9.5
9.4
9.266666666666667
9.433333333333334
9.1
9.3
9.366666666666667
9.2
9.133333333333333
9.466666666666667
9.266666666666667
9.3
9.5
9.2
9.433333333333334
9.166666666666666
9.066666666666666
9.366666666666667
9.3
9.066666666666666
9.5
9.3
9.4
9.533333333333333
9.5
9.3
9.266666666666667
9.266666666666667
9.566666666666666
9.2
9.333333333333334
9.3
9.4
9.266666666666667
9.266666666666667
9.333333333333334
9.3
9.433333333333334
9.466666666666667
9.333333333333334
9.433333333333334
9.3
9.466666666666667
9.133333333333333
9.533333333333333
9.566666666666666
9.4
9.266666666666667
9.366666666666667
9.233333333333333
9.566666666666666
9.4
9.5
9.433333333333334
9.4
9.366666666666667
9.533333333333333
9.3
9.1
9.2
9.233333333333333
9.4
9.233333333333333
9.2
9.466666666666667
9.2
9.166666666666666
9.566666666666666
9.3
9.266666666666667
9.533333333333333
9.533333333333333
9.2
9.3
9.466666666666667
9.366666666666667
9.333333333333334
9.266666666666667
9.366666666666667
9.233333333333333
9.3
9.1
9.533333333333333
9.466666666666667
9.233333333333333
9.5
9.3
9.3
9.533333333333333
9.433333333333334
9.233333333333333
9.633333333333333
9.333333333333334
9.4
9.2
9.4
9.333333333333334
9.5
9.233333333333333
9.166666666666666
9.466666666666667
9.433333333333334
9.366666666666667
9.533333333333333
9.233333333333333
9.666666666666666
9.0
9.233333333333333
9.3
9.2
9.5
9.2
9.166666666666666
9.366666666666667
9.266666666666667
9.333333333333334
9.5
9.6
9.2
9.533333333333333
9.333333333333334
9.5
9.4
9.5
9.333333333333334
9.4
9.033333333333333
9.1
9.266666666666667
9.266666666666667
9.366666666666667
9.1
9.433333333333334
9.233333333333333
9.3
9.633333333333333
9.533333333333333
9.566666666666666
9.333333333333334
9.433333333333334
9.2
9.566666666666666
9.433333333333334
9.433333333333334
9.5
9.1
9.5
9.266666666666667
9.466666666666667
9.5
9.533333333333333
9.333333333333334
9.433333333333334
9.466666666666667
9.233333333333333
9.466666666666667
9.633333333333333
9.5
9.4
9.233333333333333
9.333333333333334
9.433333333333334
9.433333333333334
9.533333333333333
9.433333333333334
9.466666666666667
9.3
9.466666666666667
9.433333333333334
9.2
9.333333333333334
9.2
9.433333333333334
9.433333333333334
9.366666666666667
9.266666666666667
9.4
9.366666666666667
9.5
9.4
9.433333333333334
9.5
9.4
9.466666666666667
9.2
9.4
9.2
9.4
9.233333333333333
9.4
9.266666666666667
9.4
9.5
9.4
9.7
9.2
9.466666666666667
9.2
9.2
9.433333333333334
9.166666666666666
9.3
9.466666666666667
9.533333333333333
9.4
9.333333333333334
9.3
9.233333333333333
9.3
9.333333333333334
9.266666666666667
9.3
9.3
9.266666666666667
9.266666666666667
9.566666666666666
9.566666666666666
9.533333333333333
9.066666666666666
9.333333333333334
9.533333333333333
9.166666666666666
9.3
9.433333333333334
9.6
9.233333333333333
9.266666666666667
9.433333333333334
9.333333333333334
9.333333333333334
9.4
9.4
50.233333333333334
9.3
38.56666666666667
95.13333333333334
193.73333333333332
143.5
117.56666666666666
165.86666666666667
151.3
145.63333333333333
185.86666666666667
178.0
169.73333333333332
137.0
163.26666666666668
106.4
157.53333333333333
131.53333333333333
150.0
104.66666666666667
167.16666666666666
157.5
177.93333333333334
185.4
123.16666666666667
143.86666666666667
107.9
94.03333333333333
73.5
183.66666666666666
76.2
61.333333333333336
167.83333333333334
133.06666666666666
66.36666666666666
64.66666666666667
71.6
68.7
68.76666666666667
73.1
63.86666666666667
69.4
66.33333333333333
64.6
67.4
69.46666666666667
71.06666666666666
182.2
70.66666666666667
97.46666666666667
72.13333333333334
65.43333333333334
67.23333333333333
63.96666666666667
71.46666666666667
68.16666666666667
69.13333333333334
68.06666666666666
80.4
73.16666666666667
72.93333333333334
67.26666666666667
62.46666666666667
63.7
57.833333333333336
62.9
63.6
72.56666666666666
61.0
60.06666666666667
57.93333333333333
61.6
63.63333333333333
68.9
65.1
77.56666666666666
74.9
77.5
71.2
67.86666666666666
62.03333333333333
66.96666666666667
64.66666666666667
75.23333333333333
65.96666666666667
68.0
72.5
75.73333333333333
80.23333333333333
93.56666666666666
77.36666666666666
82.03333333333333
78.06666666666666
79.43333333333334
75.96666666666667
82.0
82.16666666666667
79.3
82.73333333333333
85.1
80.96666666666667
80.73333333333333
81.36666666666666
79.76666666666667
82.1
78.46666666666667
81.43333333333334
80.43333333333334
81.23333333333333
83.96666666666667
82.46666666666667
72.53333333333333
83.83333333333333
73.06666666666666
77.86666666666666
74.6
74.76666666666667
72.46666666666667
72.73333333333333
69.56666666666666
66.26666666666667
62.96666666666667
61.86666666666667
70.23333333333333
68.9
66.6
69.86666666666666
69.2
63.6
62.766666666666666
55.36666666666667
60.766666666666666
84.63333333333334
60.233333333333334
55.93333333333333
60.0
85.0
62.3
66.96666666666667
53.63333333333333
54.2
85.36666666666666
93.7
58.166666666666664
61.766666666666666
59.53333333333333
84.4
59.766666666666666
62.1
97.26666666666667
71.03333333333333
66.1
93.6
60.53333333333333
58.96666666666667
68.8
81.73333333333333
62.833333333333336
62.166666666666664
59.36666666666667
55.766666666666666
83.26666666666667
56.6
79.76666666666667
77.56666666666666
82.56666666666666
90.03333333333333
68.2
76.76666666666667
73.7
75.9
66.4
75.06666666666666
78.0
67.03333333333333
69.56666666666666
80.73333333333333
73.23333333333333
81.0
79.0
69.66666666666667
67.16666666666667
77.13333333333334
78.13333333333334
76.53333333333333
89.6
73.33333333333333
85.63333333333334
71.9
100.06666666666666
81.6
73.46666666666667
75.86666666666666
72.23333333333333
69.13333333333334
66.66666666666667
77.3
71.5
74.23333333333333
80.83333333333333
12.2
17.133333333333333
11.033333333333333
9.6
9.333333333333334
9.166666666666666
9.4
9.2
9.4
9.533333333333333
9.266666666666667
9.333333333333334
9.5
9.233333333333333
9.2
9.4
9.466666666666667
9.2
9.5
9.633333333333333
9.266666666666667
9.3
9.533333333333333
9.366666666666667
8.966666666666667
9.466666666666667
9.533333333333333
9.4
9.333333333333334
9.2
9.5
9.5
9.366666666666667
9.166666666666666
9.633333333333333
9.466666666666667
9.4
9.566666666666666
9.233333333333333
9.533333333333333
9.233333333333333
9.433333333333334
9.433333333333334
9.533333333333333
9.266666666666667
9.433333333333334
9.166666666666666
28.533333333333335
27.1
9.566666666666666
9.266666666666667
9.433333333333334
9.533333333333333
9.266666666666667
9.6
9.433333333333334
9.266666666666667
9.266666666666667
9.333333333333334
9.366666666666667
9.333333333333334
9.533333333333333
9.0
9.433333333333334
9.333333333333334
9.433333333333334
9.333333333333334
9.466666666666667
9.433333333333334
9.533333333333333
9.233333333333333
9.133333333333333
9.533333333333333
9.333333333333334
9.533333333333333
9.433333333333334
9.466666666666667
9.166666666666666
9.466666666666667
9.533333333333333
9.466666666666667
9.333333333333334
9.4
9.233333333333333
9.466666666666667
9.3
9.4
9.5
10.166666666666666
14.766666666666667
14.566666666666666
42.93333333333333
26.433333333333334
28.2
17.6
18.766666666666666
15.166666666666666
20.033333333333335
18.366666666666667
108.8
89.6
17.433333333333334
199.83333333333334
199.93333333333334
14.866666666666667
104.53333333333333
34.5
16.566666666666666
9.2
9.166666666666666
9.333333333333334
9.533333333333333
9.433333333333334
9.333333333333334
9.433333333333334
9.333333333333334
9.266666666666667
9.4
9.366666666666667
9.433333333333334
9.4
9.533333333333333
9.433333333333334
10.233333333333333
9.633333333333333
9.466666666666667
9.5
9.466666666666667
10.133333333333333
10.733333333333333
9.566666666666666
9.466666666666667
9.633333333333333
9.3
9.633333333333333
9.433333333333334
9.2
9.466666666666667
9.266666666666667
9.333333333333334
9.366666666666667
9.266666666666667
9.366666666666667
9.433333333333334
9.1
9.1
9.266666666666667
9.533333333333333
9.633333333333333
9.166666666666666
9.366666666666667
9.633333333333333
9.5
9.166666666666666
9.233333333333333
9.2
9.5
9.266666666666667
9.566666666666666
9.4
9.366666666666667
9.933333333333334
9.233333333333333
9.666666666666666
9.8
9.366666666666667
9.766666666666667
9.5
9.866666666666667
9.3
9.433333333333334
9.133333333333333
9.466666666666667
9.5
9.4
9.2
9.366666666666667
9.5
9.366666666666667
9.433333333333334
9.366666666666667
9.3
9.3
9.566666666666666
9.4
9.633333333333333
9.466666666666667
9.2
9.533333333333333
9.666666666666666
9.766666666666667
200.0
9.333333333333334
10.666666666666666
9.766666666666667
9.366666666666667
9.366666666666667
9.2
9.466666666666667
9.4
9.433333333333334
9.366666666666667
9.3
9.033333333333333
9.3
9.3
9.533333333333333
9.233333333333333
9.1
9.333333333333334
9.3
9.466666666666667
9.266666666666667
9.466666666666667
14.766666666666667
9.166666666666666
9.2
9.233333333333333
9.466666666666667
9.533333333333333
9.533333333333333
9.466666666666667
9.233333333333333
9.433333333333334
9.4
9.166666666666666
9.533333333333333
9.566666666666666
9.233333333333333
9.433333333333334
9.333333333333334
9.2
9.333333333333334
9.266666666666667
9.533333333333333
9.3
9.433333333333334
9.2
9.466666666666667
9.3
9.333333333333334
9.166666666666666
9.333333333333334
10.5
9.766666666666667
9.7
9.7
9.366666666666667
9.533333333333333
9.333333333333334
9.633333333333333
10.366666666666667
10.4
10.8
9.466666666666667
9.166666666666666
9.333333333333334
9.666666666666666
10.533333333333333
9.433333333333334
9.766666666666667
9.666666666666666
9.333333333333334
10.6
9.566666666666666
9.6
9.866666666666667
9.333333333333334
10.4
9.366666666666667
9.9
9.366666666666667
9.966666666666667
9.333333333333334
9.933333333333334
10.6
9.333333333333334
9.3
10.933333333333334
9.3
9.333333333333334
9.266666666666667
10.5
9.266666666666667
9.6
9.766666666666667
10.1
9.266666666666667
9.333333333333334
9.133333333333333
9.566666666666666
9.433333333333334
9.4
9.266666666666667
9.4
9.2
9.4
9.3
11.666666666666666
9.166666666666666
9.266666666666667
9.5
9.466666666666667
9.3
9.666666666666666
9.266666666666667
9.166666666666666
9.866666666666667
9.2
9.4
9.266666666666667
10.666666666666666
9.533333333333333
9.7
9.433333333333334
9.3
9.233333333333333
10.033333333333333
9.0
9.466666666666667
9.3
9.333333333333334
9.366666666666667
9.3
9.3
9.333333333333334
9.133333333333333
9.433333333333334
9.1
9.133333333333333
9.3
9.466666666666667
9.466666666666667
9.333333333333334
9.066666666666666
9.266666666666667
9.433333333333334
9.3
9.533333333333333
9.333333333333334
9.4
9.3
9.333333333333334
9.366666666666667
8.933333333333334
9.3
9.066666666666666
9.4
9.266666666666667
9.366666666666667
9.6
9.633333333333333
9.4
9.2
9.366666666666667
9.5
9.4
9.4
9.533333333333333
9.4
9.466666666666667
9.7
9.1
9.266666666666667
9.233333333333333
9.3
9.266666666666667
9.3
9.4
9.366666666666667
9.433333333333334
9.5
9.5
9.433333333333334
9.433333333333334
9.3
9.266666666666667
9.366666666666667
9.133333333333333
9.466666666666667
9.333333333333334
9.233333333333333
9.033333333333333
9.466666666666667
9.5
9.1
9.1
9.433333333333334
9.466666666666667
9.3
9.566666666666666
9.233333333333333
9.133333333333333
9.066666666666666
9.4
9.133333333333333
9.266666666666667
9.4
9.166666666666666
9.166666666666666
9.533333333333333
9.333333333333334
9.266666666666667
9.6
9.5
9.4
9.333333333333334
9.133333333333333
9.3
9.3
9.333333333333334
9.266666666666667
9.4
9.3
9.566666666666666
9.3
9.366666666666667
9.3
9.333333333333334
9.3
9.266666666666667
9.3
9.366666666666667
9.4
9.4
9.4
9.566666666666666
9.066666666666666
9.533333333333333
9.666666666666666
9.566666666666666
9.333333333333334
9.266666666666667
9.466666666666667
9.366666666666667
9.3
9.466666666666667
9.3
9.5
9.433333333333334
9.133333333333333
9.4
9.333333333333334
9.433333333333334
9.2
9.1
9.233333333333333
9.433333333333334
9.433333333333334
9.466666666666667
10.0
9.633333333333333
10.1
9.833333333333334
15.366666666666667
15.7
30.666666666666668
26.033333333333335
40.5
82.13333333333334
47.6
112.43333333333334
111.86666666666666
200.0
200.0
181.4
199.5
200.0
185.43333333333334
200.0
199.36666666666667
196.46666666666667
189.86666666666667
185.9
200.0
200.0
200.0
198.1
200.0
200.0
109.5
200.0
13.833333333333334
12.733333333333333
56.0
97.63333333333334
151.4
167.46666666666667
35.266666666666666
125.26666666666667
12.833333333333334
13.6
14.4
113.06666666666666
137.86666666666667
15.0
200.0
77.93333333333334
112.53333333333333
200.0
130.5
200.0
200.0
200.0
120.96666666666667
174.9
134.1
112.46666666666667
173.1
200.0
200.0
200.0
200.0
200.0
200.0
200.0
200.0
200.0
200.0
200.0
200.0
200.0
200.0
200.0
200.0
200.0
200.0
200.0
200.0
96.43333333333334
200.0
200.0
200.0
104.16666666666667
120.2
200.0
200.0
200.0
98.63333333333334
200.0
114.13333333333334
117.8
138.23333333333332
185.63333333333333
193.43333333333334
200.0
200.0
200.0
200.0
200.0
200.0
200.0
200.0
200.0
200.0
200.0
200.0
200.0
200.0
200.0
200.0
200.0
200.0
200.0
200.0
200.0
200.0
200.0
200.0
200.0
200.0
200.0
200.0
200.0
200.0
200.0
200.0
200.0
200.0
200.0
200.0
200.0
200.0
200.0
200.0
200.0
200.0
200.0
200.0
200.0
200.0
200.0
200.0
200.0
200.0
200.0
200.0
200.0
200.0
200.0
200.0
200.0
200.0
200.0
200.0
200.0
200.0
200.0
200.0
200.0
200.0
200.0
200.0
200.0
200.0
200.0
200.0
200.0
200.0
200.0
200.0
200.0
200.0
200.0
200.0
200.0
200.0
200.0
200.0
200.0
200.0
200.0
200.0
200.0
200.0
200.0
200.0
200.0
200.0
200.0
200.0
200.0
200.0
200.0
200.0
200.0
200.0
200.0
200.0
9.333333333333334
9.3
9.133333333333333
23.866666666666667
31.366666666666667
23.966666666666665
15.033333333333333
31.066666666666666
115.4
97.6
172.6
139.63333333333333
47.733333333333334
196.4
198.1
175.26666666666668
200.0
120.1
198.63333333333333
190.3
163.93333333333334
198.63333333333333
199.73333333333332
200.0
199.83333333333334
200.0
200.0
186.93333333333334
200.0
200.0
200.0
106.2
112.63333333333334
136.73333333333332
15.4
125.93333333333334
190.23333333333332
115.73333333333333
200.0
200.0
200.0
200.0
49.666666666666664
153.86666666666667
152.26666666666668
32.333333333333336
200.0
64.23333333333333
119.7
193.93333333333334
109.03333333333333
181.53333333333333
200.0
200.0
200.0
200.0
105.66666666666667
109.86666666666666
125.76666666666667
122.93333333333334
196.66666666666666
118.76666666666667
98.6
200.0
200.0
200.0
200.0
200.0
200.0
18.433333333333334
200.0
200.0
200.0
200.0
200.0
200.0
200.0
200.0
200.0
200.0
200.0
200.0
200.0
200.0
200.0
200.0
200.0
200.0
200.0
14.1
200.0
200.0
200.0
200.0
200.0
200.0
200.0
200.0
200.0
200.0
200.0
200.0
200.0
200.0
200.0
200.0
200.0
200.0
200.0
200.0
200.0
200.0
200.0
200.0
200.0
200.0
200.0
200.0
200.0
200.0
200.0
200.0
200.0
200.0
200.0
200.0
200.0
200.0
200.0
200.0
200.0
200.0
200.0
200.0
200.0
200.0
200.0
200.0
200.0
200.0
200.0
200.0
200.0
200.0
200.0
200.0
200.0
200.0
200.0
162.93333333333334
200.0
200.0
200.0
200.0
200.0
185.96666666666667
200.0
200.0
200.0
200.0
200.0
200.0
191.93333333333334
200.0
200.0
200.0
200.0
200.0
200.0
200.0
200.0
200.0
200.0
200.0
200.0
200.0
200.0
200.0
200.0
200.0
200.0
200.0
200.0
200.0
200.0
200.0
200.0
200.0
200.0
200.0
200.0
200.0
200.0
200.0
200.0
200.0
200.0
200.0
200.0
200.0
31.066666666666666
17.733333333333334
9.533333333333333
37.233333333333334
69.83333333333333
9.4
9.266666666666667
16.266666666666666
14.133333333333333
16.133333333333333
21.8
18.566666666666666
27.0
9.8
9.566666666666666
19.066666666666666
62.1
19.233333333333334
188.83333333333334
199.36666666666667
200.0
52.93333333333333
123.33333333333333
200.0
125.86666666666666
128.5
100.53333333333333
195.06666666666666
200.0
26.233333333333334
200.0
143.86666666666667
146.06666666666666
82.46666666666667
26.733333333333334
197.56666666666666
66.33333333333333
36.333333333333336
173.83333333333334
73.66666666666667
200.0
85.93333333333334
200.0
100.96666666666667
143.86666666666667
47.36666666666667
99.76666666666667
125.43333333333334
183.2
115.46666666666667
200.0
69.8
98.0
78.46666666666667
147.9
93.16666666666667
103.96666666666667
127.96666666666667
149.46666666666667
200.0
115.36666666666666
200.0
97.66666666666667
200.0
127.2
94.03333333333333
39.3
199.83333333333334
28.966666666666665
106.66666666666667
10.7
200.0
102.0
118.3
159.5
159.36666666666667
12.9
159.06666666666666
200.0
49.233333333333334
132.63333333333333
86.2
174.93333333333334
200.0
47.266666666666666
119.4
192.0
58.86666666666667
177.2
27.233333333333334
126.86666666666666
124.7
90.9
126.83333333333333
46.93333333333333
72.4
197.63333333333333
200.0
200.0
100.83333333333333
200.0
198.23333333333332
149.23333333333332
98.2
94.16666666666667
23.633333333333333
10.0
200.0
101.16666666666667
27.2
200.0
199.66666666666666
107.1
9.633333333333333
200.0
81.43333333333334
72.43333333333334
46.166666666666664
82.6
96.33333333333333
165.0
192.96666666666667
161.66666666666666
200.0
200.0
78.63333333333334
200.0
93.73333333333333
128.1
193.7
200.0
200.0
177.56666666666666
19.6
9.733333333333333
174.86666666666667
200.0
181.1
198.96666666666667
193.73333333333332
29.366666666666667
31.266666666666666
63.63333333333333
123.06666666666666
200.0
82.36666666666666
103.63333333333334
193.73333333333332
68.4
69.6
83.36666666666666
93.43333333333334
200.0
200.0
169.36666666666667
200.0
200.0
144.8
121.4
165.53333333333333
197.96666666666667
80.76666666666667
100.0
87.03333333333333
200.0
69.86666666666666
26.033333333333335
79.36666666666666
200.0
88.43333333333334
200.0
142.66666666666666
187.43333333333334
200.0
51.3
56.86666666666667
200.0
51.2
59.833333333333336
200.0
200.0
56.7
200.0
59.1
9.466666666666667
14.7
93.86666666666666
72.0
148.93333333333334
109.9
33.0
101.33333333333333
97.6
200.0
197.5
120.2
117.26666666666667
68.7
89.26666666666667
131.56666666666666
122.83333333333333
9.933333333333334
9.266666666666667
9.533333333333333
9.233333333333333
9.7
9.366666666666667
50.3
9.6
137.76666666666668
93.9
9.233333333333333
155.66666666666666
20.8
93.23333333333333
144.83333333333334
17.466666666666665
120.53333333333333
153.66666666666666
118.3
35.36666666666667
32.8
9.733333333333333
9.833333333333334
9.433333333333334
102.0
16.033333333333335
9.4
13.066666666666666
9.6
9.433333333333334
23.533333333333335
69.56666666666666
15.033333333333333
9.333333333333334
59.833333333333336
65.1
21.566666666666666
54.86666666666667
37.0
18.9
22.333333333333332
22.7
112.76666666666667
36.63333333333333
19.766666666666666
26.433333333333334
50.86666666666667
176.36666666666667
20.033333333333335
68.96666666666667
54.53333333333333
56.766666666666666
26.1
48.8
39.266666666666666
27.9
24.4
36.03333333333333
26.566666666666666
135.13333333333333
20.366666666666667
33.6
33.5
34.733333333333334
51.3
51.43333333333333
75.13333333333334
101.46666666666667
80.2
13.133333333333333
11.1
28.166666666666668
9.633333333333333
21.033333333333335
15.933333333333334
36.4
117.06666666666666
31.466666666666665
14.466666666666667
15.0
9.566666666666666
52.43333333333333
9.333333333333334
9.833333333333334
91.5
9.333333333333334
9.166666666666666
69.2
77.96666666666667
73.03333333333333
13.933333333333334
53.333333333333336
53.4
10.266666666666667
9.333333333333334
14.033333333333333
117.16666666666667
49.233333333333334
13.666666666666666
92.63333333333334
16.933333333333334
42.4
23.266666666666666
16.1
11.166666666666666
43.93333333333333
9.433333333333334
9.6
9.366666666666667
22.333333333333332
86.8
26.9
47.833333333333336
16.7
48.46666666666667
17.9
41.233333333333334
123.5
25.7
16.166666666666668
98.03333333333333
114.73333333333333
99.7
20.9
50.56666666666667
66.76666666666667
35.0
32.56666666666667
21.066666666666666
96.06666666666666
40.3
25.6
21.5
32.7
27.433333333333334
39.666666666666664
103.63333333333334
63.86666666666667
77.0
74.06666666666666
51.96666666666667
117.33333333333333
87.03333333333333
54.46666666666667
53.333333333333336
58.86666666666667
71.6
57.43333333333333
50.3
98.7
34.733333333333334
97.46666666666667
64.7
52.2
59.4
94.76666666666667
71.0
186.2
137.56666666666666
77.93333333333334
139.2
64.13333333333334
77.53333333333333
65.13333333333334
199.16666666666666
48.266666666666666
56.9
78.53333333333333
129.0
80.26666666666667
200.0
197.8
55.96666666666667
90.3
123.63333333333334
191.93333333333334
135.26666666666668
189.9
190.36666666666667
200.0
200.0
74.4
146.5
157.33333333333334
95.76666666666667
174.56666666666666
75.36666666666666
56.266666666666666
200.0
200.0
98.4
109.1
66.86666666666666
112.7
200.0
194.03333333333333
88.96666666666667
44.166666666666664
106.6
148.5
21.833333333333332
132.63333333333333
111.0
157.76666666666668
101.33333333333333
100.8
68.66666666666667
123.3
36.36666666666667
154.03333333333333
131.86666666666667
32.4
64.1
146.93333333333334
41.1
101.03333333333333
176.0
129.33333333333334
79.0
112.86666666666666
111.76666666666667
89.83333333333333
105.16666666666667
137.33333333333334
139.43333333333334
114.43333333333334
92.93333333333334
116.66666666666667
122.13333333333334
116.66666666666667
128.63333333333333
124.66666666666667
125.13333333333334
153.16666666666666
173.5
120.86666666666666
95.1
38.8
186.86666666666667
137.13333333333333
140.1
137.83333333333334
186.76666666666668
92.36666666666666
110.86666666666666
92.7
130.7
160.66666666666666
127.63333333333334
117.36666666666666
110.53333333333333
111.83333333333333
91.63333333333334
142.73333333333332
143.76666666666668
98.53333333333333
121.33333333333333
163.56666666666666
123.3
99.93333333333334
179.23333333333332
105.43333333333334
42.5
60.56666666666667
118.03333333333333
156.8
150.66666666666666
163.23333333333332
97.23333333333333
30.866666666666667
9.233333333333333
11.933333333333334
27.2
9.4
19.833333333333332
12.533333333333333
112.63333333333334
142.1
84.36666666666666
144.53333333333333
101.23333333333333
200.0
200.0
200.0
140.23333333333332
199.86666666666667
198.2
200.0
200.0
200.0
200.0
200.0
194.83333333333334
200.0
118.03333333333333
76.36666666666666
123.93333333333334
125.36666666666666
14.633333333333333
99.16666666666667
59.5
198.23333333333332
83.0
129.36666666666667
80.06666666666666
200.0
200.0
197.36666666666667
15.0
11.7
109.13333333333334
200.0
21.466666666666665
10.0
122.56666666666666
102.16666666666667
21.933333333333334
49.333333333333336
16.666666666666668
93.5
20.3
200.0
149.83333333333334
28.4
60.0
103.7
100.06666666666666
200.0
200.0
21.833333333333332
14.5
13.366666666666667
95.0
43.06666666666667
50.5
16.4
12.733333333333333
14.533333333333333
18.8
95.43333333333334
97.1
36.766666666666666
61.1
108.86666666666666
36.43333333333333
75.1
97.43333333333334
28.666666666666668
17.5
82.03333333333333
91.76666666666667
84.16666666666667
171.3
143.76666666666668
102.46666666666667
141.1
55.1
200.0
200.0
200.0
46.733333333333334
61.9
174.26666666666668
200.0
24.066666666666666
200.0
103.6
200.0
48.266666666666666
16.766666666666666
200.0
103.43333333333334
166.23333333333332
19.1
200.0
200.0
200.0
200.0
73.56666666666666
200.0
200.0
200.0
164.6
200.0
134.66666666666666
200.0
21.233333333333334
200.0
200.0
200.0
200.0
200.0
200.0
200.0
200.0
200.0
49.266666666666666
200.0
200.0
200.0
200.0
200.0
200.0
200.0
200.0
31.5
200.0
200.0
200.0
200.0
12.9
15.0
17.133333333333333
200.0
53.8
93.76666666666667
200.0
138.76666666666668
37.1
200.0
101.26666666666667
98.9
34.7
200.0
185.1
60.2
91.3
200.0
83.8
200.0
200.0
200.0
200.0
14.933333333333334
200.0
200.0
200.0
173.7
200.0
173.03333333333333
200.0
200.0
200.0
58.0
200.0
200.0
188.2
200.0
200.0
200.0
200.0
200.0
123.06666666666666
200.0
163.56666666666666
35.666666666666664
14.5
14.366666666666667
41.5
185.13333333333333
200.0
187.83333333333334
200.0
200.0
200.0
37.833333333333336
163.53333333333333
39.266666666666666
96.56666666666666
10.9
10.733333333333333
16.6
9.133333333333333
14.133333333333333
183.3
98.5
52.03333333333333
200.0
200.0
125.26666666666667
200.0
161.56666666666666
200.0
200.0
200.0
197.06666666666666
185.23333333333332
200.0
200.0
200.0
197.13333333333333
195.36666666666667
200.0
200.0
185.43333333333334
200.0
200.0
196.7
162.5
195.43333333333334
104.96666666666667
151.53333333333333
12.966666666666667
17.6
15.666666666666666
95.83333333333333
121.33333333333333
129.9
19.366666666666667
144.4
168.4
122.96666666666667
89.06666666666666
196.4
123.4
65.63333333333334
15.333333333333334
200.0
117.26666666666667
31.6
200.0
14.966666666666667
14.366666666666667
110.3
111.36666666666666
171.2
124.76666666666667
125.76666666666667
124.63333333333334
129.7
109.9
200.0
115.96666666666667
146.96666666666667
162.3
131.43333333333334
118.06666666666666
101.4
108.96666666666667
123.8
115.73333333333333
200.0
119.0
200.0
200.0
200.0
200.0
200.0
200.0
200.0
200.0
200.0
200.0
200.0
189.5
200.0
200.0
200.0
200.0
200.0
200.0
200.0
200.0
200.0
200.0
200.0
200.0
200.0
200.0
200.0
200.0
124.56666666666666
200.0
200.0
200.0
200.0
200.0
200.0
200.0
200.0
200.0
200.0
200.0
200.0
200.0
200.0
200.0
200.0
200.0
200.0
200.0
200.0
200.0
200.0
200.0
200.0
200.0
200.0
200.0
200.0
200.0
200.0
200.0
200.0
200.0
200.0
200.0
200.0
200.0
200.0
200.0
200.0
200.0
200.0
200.0
200.0
200.0
200.0
200.0
200.0
200.0
200.0
200.0
200.0
200.0
200.0
200.0
200.0
200.0
200.0
200.0
200.0
200.0
200.0
200.0
200.0
200.0
200.0
200.0
200.0
200.0
200.0
200.0
200.0
200.0
200.0
200.0
200.0
200.0
200.0
200.0
200.0
200.0
200.0
200.0
200.0
200.0
200.0
200.0
200.0
200.0
200.0
200.0
200.0
200.0
200.0
200.0
200.0
200.0
